            |70       |220|       730|
	   /         |         |           \
|20|50|60|    |80|190| |370|470|570| |740|770|780|940|


         |60       |220|       730|
      /         |         |           \
|20|50|       |70|190| |370|470|570| |740|770|780|940|

          |220|       730|
      /            |           \
|50|60|70|190| |370|470|570| |740|770|780|940|

           |190|        730|
       /           |         \
|50|60|70|   |370|470|570| |740|770|780|940|

	    |190|        730|
       /           |         \
|60|70|   |370|470|570| |740|770|780|940|	

        |370|        730|
     /         |          \
|60|70|    |470|570|  |740|770|780|940|

              |730|
          /          \
|60|70|470|570|   |740|770|780|940|		